%YAML:1.0
rotation: !!opencv-matrix
   rows: 3
   cols: 3
   dt: d
   data: [ 9.9957026731428400e-01, 3.9893851429189863e-03,
       2.9040755972122211e-02, -5.0242555238800635e-03,
       9.9935171366020548e-01, 3.5649814317067666e-02,
       -2.8879708407143850e-02, -3.5780402605226497e-02,
       9.9894230325466060e-01 ]
translation: !!opencv-matrix
   rows: 3
   cols: 1
   dt: d
   data: [ -9.2340681326208554e-02, -2.8689846220583799e-02,
       4.6972657946736759e-02 ]
essential: !!opencv-matrix
   rows: 3
   cols: 3
   dt: d
   data: [ 1.0645570292564790e-03, -4.5915671965791528e-02,
       -3.0334067597392302e-02, 4.4285700309464195e-02,
       -3.1165947309565352e-03, 9.3607134384900550e-02,
       2.9141460434146702e-02, -9.2166363277632418e-02,
       -2.4587533202211657e-03 ]
fundamental: !!opencv-matrix
   rows: 3
   cols: 3
   dt: d
   data: [ 9.0957598679708179e-07, -3.9285047046454163e-05,
       -1.5268143074112235e-03, 3.7718839436525892e-05,
       -2.6581006131743533e-06, 2.0069536651781052e-02,
       6.3690534914862635e-03, -4.7044319185594992e-02, 1. ]
