%YAML:1.0
cameraMatrix: !!opencv-matrix
   rows: 3
   cols: 3
   dt: d
   data: [ 1.0905047971271531e+03, 0., 9.5573140945168916e+02, 0.,
       1.0939634946609058e+03, 5.2796114008255302e+02, 0., 0., 1. ]
distortionCoefficients: !!opencv-matrix
   rows: 1
   cols: 5
   dt: d
   data: [ 8.6795874886050395e-02, -9.3609677187764362e-02,
       1.2478354239793161e-04, 2.7539012007255820e-03,
       3.5485943445018445e-02 ]
rotation: !!opencv-matrix
   rows: 3
   cols: 3
   dt: d
   data: [ 1., 0., 0., 0., 1., 0., 0., 0., 1. ]
projection: !!opencv-matrix
   rows: 4
   cols: 4
   dt: d
   data: [ 1.0905047971271531e+03, 0., 9.5573140945168916e+02, 0., 0.,
       1.0939634946609058e+03, 5.2796114008255302e+02, 0., 0., 0., 1.,
       0., 0., 0., 0., 1. ]
