%YAML:1.0
cameraMatrix: !!opencv-matrix
   rows: 3
   cols: 3
   dt: d
   data: [ 3.6445582576467052e+02, 0., 2.5288977457211502e+02, 0.,
       3.6395577763605320e+02, 2.0743661717366510e+02, 0., 0., 1. ]
distortionCoefficients: !!opencv-matrix
   rows: 1
   cols: 5
   dt: d
   data: [ 1.2076245020654063e-01, -3.9021288510691177e-01,
       1.3773270229235615e-03, 9.6633684999374210e-04,
       2.2347704092711765e-01 ]
rotation: !!opencv-matrix
   rows: 3
   cols: 3
   dt: d
   data: [ 1., 0., 0., 0., 1., 0., 0., 0., 1. ]
projection: !!opencv-matrix
   rows: 4
   cols: 4
   dt: d
   data: [ 3.6445582576467052e+02, 0., 2.5288977457211502e+02, 0., 0.,
       3.6395577763605320e+02, 2.0743661717366510e+02, 0., 0., 0., 1.,
       0., 0., 0., 0., 1. ]
