%YAML:1.0
depthShift: -1.2591594243917859e+01
